000255975
000417065
000492875
000492915
000493075
000493155
000566745
000567125
000567145
000567485
000567645
000567745
000567845
000688155
000692955
000693075
000694475
000694495
000694795
000709185
000775955
000817855
001031465
001031875
001032145
001032815
001033245
001033385
001033415
001033745
001033925
001034285
001058365
001061315
001063755
001186065
001460505
001460985
001511275
001511315
001596905
001597065
001663295
001663455
001676825
001693715
001695775
001701725
001704235
001720805
001756835
001902255
001902755
001903035
001903045
001903095
001903205
001903615
001903755
001903775
001908625
001936035
001952895
001952915
001968755
002056385
002087715
002102655
002103555
002104175
002108275
002108315
002108415
002115625
002116885
002152475
002152655
002152685
002152755
002152765
002153105
002153155
002153275
002156745
002164795
002174005
002184395
002185965
002185975
002189185
002211905
002237985
002246555
002248045
002248525
002248845
002249195
002250985
002252415
002257785
002258045
002386225
002412175
002417155
002591075
002636095
002751325
002751565
002751785
002752905
002752955
002753375
002753555
002787755
002811525
002811535
002831525
002845265
002845945
002850915
002851015
002851175
002851375
002851395
002851455
002851555
002852065
002852325
002852575
002853155
002853935
002854055
002854115
002854135
002854285
002854415
002854515
002854715
002855015
002855395
002855985
002856025
002856415
002856945
002857035
002866585
002866645
002866665
002934865
002970895
003034425
003037245
003038115
003062685
003073315
003086235
003115415
003181095
003186725
003203435
003227055
003286975
003312195
003318315
003323895
003326435
003335025
003346475
003346595
003363645
003363665
003382225
003401015
003401275
003401345
003401365
003403255
003408615
003419985
003432145
003432625
003437295
003443755
003469885
003471715
003571525
003576025
003583095
003660185
003664715
003664765
003664895
003664955
003688865
003711965
003830495
003851825
003860845
003861475
003931835
003936515
003937145
003963495
003966115
003967435
004004995
004005105
004005185
004005335
004011615
004014965
004120055
004120095
004120155
004127375
004137665
004146105
004146185
004310885
004310905
004310925
004311145
004311185
004311625
004311885
004311925
004312045
004312165
004312245
004312465
004312665
004312705
004312785
004312965
004313165
004313545
004321445
004323165
004332075
004357775
004790705
004795625
004801235
004830385
004831815
004833595
004923005
004923175
005405565
005503855
005503905
006130345
006130375
006130515
006130755
006131035
006131045
006151695
006152045
006304565
006351115
006540385
006540515
006540555
006540575
006540685
006540715
006540925
006540945
006540985
006542025
006542225
006546555
006937775
006937835
007115275
007197815
007421875
007655035
007954055
007955175
007955185
007955295
007993495
008065415
008081905
008082105
008082345
008083005
008107405
008107535
008119815
008120365
008120605
008120705
008180605
008245285
008374145
008374195
008374345
008374405
008374455
008374905
008374995
008375015
008375195
008630225
008630305
008634545
008693405
008756865
008867705
008867885
008868065
009025895
009184435
009207805
009207815
009207935
009207975
009207995
009208645
009208715
009387945
009497735
009646205
009647385
009661035
009661215
009661255
009661375
009661455
009661585
009661615
009695525
009710355
009710415
009746145
009746155
009746325
009765305
009795695
009797775
009821435
009821765
009821955
009822415
009822465
009822565
009825615
009826175
009826195
009826225
009826275
009826655
009826755
009826775
009832265
009848575
009856955
009877315
009885025
009887825
009898185
009902165
009907125
009907185
009907235
009907325
009907725
009909305
009925405
009930995
010179795
010179805
010183625
010374875
010586985
010588175
010589965
010590265
010590985
010591045
010591165
010592725
010597335
010597565
010597935
010598305
010598405
010598875
010602465
010602645
011008795
011008835
011028185
011029425
011029885
011037275
011037395
011037515
011037535
011037865
011038235
011044735
011044795
011044805
011044895
011045595
011065285
011066505
011077405
011077815
011078265
011603155
011682735
011682815
011684095
011742515
011742595
011759445
011764365
011769825
011784905
012029695
012029895
012029935
012056085
012113615
012113635
012169405
012952415
012956605
013055955
013056175
013133955
013134575
013134855
013155005
013170425
013170445
013180385
013187325
013187425
013187615
013187625
013280475
013305325
013376555
013389225
013392195
013408255
013409165
013416055
013423825
013450355
013450455
013450475
013602615
013602715
013603495
013604045
013604195
013604425
013694425
013706045
013731305
013734035
013745295
013792545
013813035
013867375
013895695
014103065
014103925
014104245
014156475
014169335
014170015
014212295
014212325
014235445
014235485
014284075
014451255
014526115
014526145
014526175
014526235
014530455
014673415
014840315
014840325
014840345
014840395
014840645
014840695
014840795
014840955
014856205
014856295
014877935
014893885
014893945
014895545
014947005
014961485
015159775
015178905
015209125
015209405
015228705
015264275
015265845
015277935
015278375
015283665
015283885
015290985
015321405
015338385
015626795
015645745
015645935
015774895
015831445
015910145
015992285
015992305
015992345
016054825
016054895
016054935
016055215
016055655
016056175
016481465
016481505
016482645
016527095
016527475
016528205
016529515
016587075
016587495
016634525
016634675
016634915
016634965
016634975
016634985
016635355
016635495
016635525
016635805
016635825
016635925
016643175
016643595
016643865
016643975
016651505
016651535
016651625
016651675
016651765
016651885
016652125
016694775
016735065
016761745
016761835
016762255
016762315
016762335
016762435
016762495
016762515
016762655
016762665
016762695
016772535
016805585
016810935
016810965
016811015
016836865
016836925
016836965
016837045
016859845
016860165
016879855
016879915
016881495
016881585
016888485
016903115
016903235
016903255
016903475
016903875
016904635
016905555
016924055
016924215
016925315
016939815
017254935
017291375
017291585
017311845
017311955
017357925
017377815
017565885
017584365
017639065
017655385
017742895
017846785
017894285
017922075
017922235
018068665
018108125
018108165
018108265
018108475
018108545
018108825
018108945
018109005
018128465
018137205
018137355
018137555
018137715
018137765
018137855
018138305
018274985
018275005
018275115
018275185
018275225
018279185
018283475
018310685
018359295
018409235
018474035
018583185
018682475
018790065
018790465
019038575
019107685
019149345
019165505
019165645
019165785
019218465
019218565
019284495
019285215
019285235
019285295
019285335
019285355
019285395
019285435
019285455
019286455
019317065
019336255
019391995
019392005
019392055
019392115
019401005
019401165
019401305
019401945
019402005
019426495
019428305
019428315
019428365
019431425
019433735
019433835
019443545
019445235
019660985
019678005
019678475
019678575
019678655
019679005
019679075
019679115
019679205
019679235
019679415
019702985
019731565
019731895
019732555
019732565
019732615
019775735
019794255
019794915
019794995
019823915
019836285
019877505
019877535
019877565
019877595
019877635
019877805
019927425
019927505
019927525
019927625
019927655
019927725
019927785
019927845
019927855
019927985
019928025
019928115
019928145
019928185
019928205
019928285
019928385
019928395
019928485
019928525
019928545
019928625
019928685
019930085
019930305
019930355
019930485
019930505
020027005
020149825
020165895
020169115
020169215
020172745
020177615
020177815
020178105
020178245
020405125
020410725
020496635
020515095
020526065
020552755
020576715
020576755
020576775
020577315
020578985
020579035
020579335
020579455
020589755
020591975
020591985
020592215
020592335
020615495
020615575
020805405
020805605
020830205
020858915
020859135
020859295
020889145
020990405
021020715
021020745
021020755
021020875
021020915
021136035
021136045
021136485
021136695
021136755
021137105
021137335
021166055
021192155
021206715
021213755
021213955
021229775
021229855
021311215
021344115
021373335
021395535
021395615
021395695
021395765
021395915
021397585
021414385
021414445
021414475
021414525
021414875
021414925
021415225
021415265
021415565
021415605
021415625
021440485
021460155
021464705
021484985
021494045
021494065
021494245
021494415
021502955
021503795
021535105
021727735
021735745
021931255
021933935
021935075
021950755
021952765
022028895
022029075
022029115
022049705
022058945
022058975
022060045
022067765
022071225
022073865
022074845
022075365
022077485
022079635
022080335
022083195
022085275
022085825
022087065
022182645
022227405
022227455
022227485
022228965
022229155
022283515
022283905
022284005
022284205
022284475
022285805
022299755
022299795
022299855
022315775
022315935
022316345
022316805
022320775
022324985
022341245
022341495
022353585
022353825
022354125
022354285
022354625
022354665
022392655
022402055
022402125
022402185
022402265
022408885
022421785
022421985
022422015
022422075
022422145
022426945
022429405
022430565
022430765
022494195
022501305
022539705
022539785
022550105
022550315
022551335
022551375
022551395
022551475
022553515
022553815
022554055
022554575
022555535
022559765
022585515
022585695
022585705
022585805
022592575
022605205
022748775
022748795
022748855
022749475
022760655
022760705
022789005
022789145
022789215
022789265
022789305
022789365
022789485
022789505
022789565
022789595
022789645
022789785
022789805
022789865
022789975
022790205
022790215
022790265
022790305
022790365
022790505
022790525
022818925
022921135
022964795
022968085
023026845
023027005
023027155
023027185
023027305
023027625
023027785
023029105
023029545
023029645
023029745
023029805
023030765
023030985
023031745
023032225
023032345
023032775
023032835
023046815
023059275
023062635
023062645
023062675
023062725
023093995
023130305
023207375
023207635
023221855
023241775
023273025
023273085
023273305
023273325
023274195
023274675
023274735
023275255
023275445
023275515
023275695
023291425
023312815
023314695
023315255
023315595
023315915
023374225
023465575
023465595
023465715
023546055
023572325
023573705
023573745
023612395
023612435
023647325
023657695
023657795
023658145
023660345
023660935
023700025
023700335
023700405
023700705
023703975
023757265
023757375
023893975
023920025
023961335
023979725
023980285
023980605
023980645
023980725
023980865
023980935
023981195
023982355
023982595
024007175
024081805
024126395
024128745
024136695
024136725
024136875
024159445
024159485
024159855
024159945
024159955
024167825
024178635
024197875
024199025
024224875
024238955
024296595
024346735
024349425
024355435
024355505
024355665
024355855
024356025
024356295
024356345
024356385
024356765
024356845
024357105
024357115
024357275
024359365
024359625
024359765
024433935
024434775
024435115
024435135
024436605
024516375
024516445
024516645
024516705
024516765
024516845
024517065
024517085
024517185
024517225
024517245
024517285
024517325
024517405
024517445
024517455
024517465
024517535
024517685
024517745
024517845
024518085
024520265
024520815
024534275
024542855
024542895
024580195
024580215
024580225
024582165
024582395
024582535
024583745
024586685
024606395
024608525
024651225
024665705
024665735
024666505
024677565
024700185
024703375
024703455
024730825
024734055
024734155
024750575
024752015
024752115
024757285
024917025
024917415
024917835
024918075
024918435
024998165
024998275
024998425
025026555
025062435
025062475
025156555
025156655
025175085
025183705
025195065
025232435
025259665
025260525
025289235
025395495
025397975
025398355
025399395
025515315
025548225
025548435
025548455
025582745
025630675
025657275
025657385
025677745
025699375
025754435
025754555
025770285
025819065
025819195
025881785
025881805
025884075
025884275
025908435
025920785
025938755
026000885
026005295
026127965
026128075
026128375
026133885
026153555
026156165
026156265
026161625
026162405
026163065
026163275
026163625
026163745
026163855
026164105
026164115
026164265
026192125
026192315
026198155
026198635
026222735
026222945
026222955
026223095
026223175
026223205
026223335
026223475
026223755
026229755
026235975
026240595
026248225
026274795
026420325
026615355
026615595
026615625
026623615
026623725
026623825
026623865
026624045
026624065
026624225
026624265
026624305
026625005
026626105
026626285
026703065
026703125
026703215
026712485
026787985
027087905
027144125
027152205
027152405
027360235
027460645
027474365
027584275
027584385
027584735
027585055
027585165
027658605
027658665
027671705
027678925
027687685
027853505
027885985
027947885
027948005
027948805
027949005
027949025
027949175
027949545
027951065
028067495
028220555
028222535
028321505
028323045
028527365
028527475
028554935
028581085
028581095
028596205
028616445
028626845
028655455
028656535
028681815
028681835
028681955
028681975
028825925
028863835
028863875
028872175
028883335
028883395
028883465
028891065
028891115
028894075
028894155
028894305
028894445
028894465
028894565
028894595
028894645
029075965
029076175
029076225
029076275
029076285
029077845
029077865
029078015
029078085
029078145
029078275
029078755
029078885
029079105
029079365
029079445
029079475
029079625
029079845
029080005
029080045
029081815
029082105
029082185
029082665
029087765
029119925
029125565
029194045
029201465
029222115
029222185
029222315
029223945
029291375
029370025
029433685
029478475
029521585
029521795
029521845
029521875
029521965
029522015
029522135
029523135
029523255
029523455
029523495
029523905
029524045
029526015
029526065
029526235
029526345
029526625
029526705
029541645
029541705
029541765
029541785
029541865
029542165
029581495
029601675
029624895
029677305
029813975
029837335
029854575
029889725
029904445
029914695
029914745
029915165
029915215
029915395
029915495
029915655
029915715
029915905
029916485
029916665
029953135
029953175
029955665
029956145
029956185
029956205
030020895
030024555
030024905
030026865
030034515
030052915
030052935
030061685
030067195
030067495
030067515
030075845
030127945
030128155
030128505
030128905
030128965
030162715
030168225
030184435
030190475
030192155
030195835
030196085
030196545
030211845
030215045
030216145
030216485
030224315
030224415
030224845
030234245
030234445
030234655
030235745
030237245
030250565
030271875
030271935
030271995
030283125
030283565
030283965
030284325
030287185
030292245
030295665
030324175
030359325
030359735
030360365
030360475
030360505
030360545
030363095
030363125
030363135
030363545
030363815
030369275
030369655
030370775
030372405
030372445
030372665
030372685
030379025
030379605
030380445
030380545
030381425
030382255
030382755
030382805
030382925
030383205
030385335
030406285
030435465
030463865
030480605
030489885
030490065
030490165
030490205
030490405
030490505
030499805
030500015
030500045
030517935
030517965
030519715
030519725
030544725
030549445
030551615
030551625
030551855
030587745
030587835
030644565
030651665
030674955
030674995
030675085
030675105
030675275
030675285
030675355
030675425
030675455
030675665
030675775
030675885
030675895
030677075
030677115
030677135
030677275
030677475
030677575
030677615
030677635
030677875
030678195
030678335
030711105
030711185
030715255
030715455
030715765
030716605
030845475
030845555
030845755
030845915
030846075
030852265
030852285
030852305
030863985
030971995
030972015
030972185
030972625
030972705
030972985
030973245
030973345
030973405
031013725
031044835
031044995
031045035
031045135
031045755
031046135
031046355
031312745
031317725
031317795
031317815
031318075
031318385
031318415
031318655
031318755
031318885
031357365
031570955
031571235
031571275
031571355
031626635
031628955
031632255
031632315
031632695
031775615
032144215
032248875
032424395
032460295
032460625
032460665
032460705
032461225
032462245
032462325
032469845
032469935
032469955
032469985
032583995
032671605
032671625
032671645
032742535
032743645
032744795
032746875
032816155
032841615
032873635
033031295
033031535
033031895
033032975
033033435
033033475
033193355
033193975
033238325
033245165
033283125
033336115
033336155
033336255
033336295
033336335
033336415
033336435
033336475
033336895
033336955
033337015
033337075
033337135
033337195
033337295
033342085
033434075
033434135
033486815
033540935
033541155
033541195
033541255
033541315
033541555
033541815
033541835
033541845
033541895
033542315
033542535
033547175
033547305
033547395
033547555
033549665
033798725
033835765
033835885
033836825
033857255
033863475
033864875
033865455
033865775
033875235
033898625
033898765
033898805
033900085
033900285
033900405
033900465
033901475
034424075
034498895
035658195
035779655
035786975
035928105
036287395
036287495
036329105
036329225
036348915
036452175
036688355
036707075
036785835
036903195
036908495
036908815
036908885
036908935
036909115
036912315
036912435
036913775
036913895
036937635
036937785
037023225
037030855
037031245
037031255
037075745
037076045
037076075
037084105
037095535
037104825
037115085
037132715
037164945
037172485
037201445
037329525
037477735
037627965
037966485
038375665
038375785
038418325
038443615
038684765
039042925
039649875
039650195
039653445
039674865
039681515
039681695
039703805
039703855
039704535
039720415
039748175
040011635
040015435
040118205
040138345
040250275
040270625
040270865
040271265
040271415
040280365
040325605
040325735
040328755
040329215
040367755
040368515
040369825
040407925
040422775
040422825
040422865
040422925
040422935
040422975
040436885
040550165
040550215
040687745
040704825
040715535
040715665
040716055
040716065
040721815
040757845
040757875
040785615
040794965
040796925
040796965
040803885
040838595
040838665
040919675
040919685
040981725
040981905
040982065
040982275
040982535
040982595
040983015
040984345
041003805
041006055
041019925
041020075
041020085
041020095
041043565
041061365
041061545
041076955
041077195
041077675
041077875
041079375
041081935
041090495
041090675
041097035
041106255
041198135
041198325
041198405
041200215
041200725
041201065
041201185
041202175
041202575
041204085
041204325
041204365
041205865
041206025
041213405
041221905
041283525
041345155
041345355
041345785
041346065
041346265
041346695
041353095
041354155
041361325
041385665
041386045
041386305
041388495
041388585
041447715
041448155
041448175
041448195
041448575
041521285
041538545
041679045
041679105
041679725
041806695
041806815
041806955
041806995
041807155
041807395
041807435
041807665
041861035
041861145
041861185
041861205
041861235
041861285
041877395
041877725
041902065
041929215
041929605
041929675
041929705
041947325
041947345
042159955
042219905
042256275
042465815
042465895
042607645
042686545
043084325
043099495
043203125
043203355
043360175
043360355
043497995
043562505
043639595
043677135
043677835
043828955
043830175
043832405
043832635
043832695
043833155
043834935
043853025
043857985
043858045
043859495
043861775
043861975
043862205
043862445
043862825
043863345
043863405
043863445
043905545
043950455
043950535
044070115
044070375
044128675
044133375
044142345
044142365
044142385
044142395
044142465
044142485
044142625
044142705
044325025
044325175
044351545
044355935
044793255
044917505
044989275
045261435
045348675
045490175
045798445
045862455
045983725
046118635
046200045
046233155
046272125
046298475
046298695
046368135
046368365
046368525
046368905
046369185
046369285
046369425
046531165
046531795
046619595
046622625
046630615
046715825
046764495
047047965
047335615
047344955
047528455
047658125
047716605
047742425
047742525
047742805
047742935
047743015
047783025
048296735
048319945
048319955
048541645
048585755
048586085
048586715
048587215
048590105
048690765
048753345
048818155
048818455
048818595
048818635
048819015
048819295
048985875
049192745
049200765
049206425
049352695
049381505
049383925
049532475
049532535
049538195
049731025
049731585
049731685
050160325
050185865
050195635
050248775
050265535
050266635
050266875
050583765
050811875
050871115
050871125
050916315
050920375
050942145
050957025
050957455
050957565
051209515
051209535
051302875
051303305
051303315
051303765
051303845
051303925
051303945
051336245
051336585
051400985
051401085
051401205
051414825
051549695
051549765
051561525
051606405
051775505
051788195
051833865
051850135
051852175
051956475
052049255
052598815
052950935
052951375
052951655
052955975
052971005
052974865
053078345
053078415
053078435
053078515
053096625
053096865
053231535
053238205
053290445
053294655
053308255
053308275
053308335
053412215
053412455
053651155
053656735
053664755
053666855
053667985
053671575
053674755
053675015
053676695
053691675
053848645
054054795
054162665
054170905
054171115
054171185
054171265
054299535
054355395
900007005
900084105
900084235
900084335
900084355
900084585
900084615
900084625
900084665
900084805
900084945
900084975
900085145
900085365
900085415
900085465
900085525
900085615
900085715
900085805
900085815
900085835
900085865
900086125
900086255
900086285
900086425
900086495
900092685
900092725
900093025
900093165
900093185
900093235
900093245
900093345
900171835
900171975
900171985
900172055
900172065
900172105
900172595
900172605
900172615
900172695
900172715
900173025
900173155
900173195
900173275
900173315
900173365
900173425
900173575
900173685
900173795
900173805
900173835
900173915
900174155
900175115
900323945
900451185
900451745
900451875
900452095
900465375
900474395
900474425
900492935
900492945
900492985
900492995
900493005
900493095
900493215
900493235
900493375
900493635
900493645
900493715
900493815
900493835
900493925
900493935
900493945
900494075
900494155
900494255
900494275
900494285
900494325
900494335
900494365
900494525
900494535
900494585
900494595
900494615
900494675
900494715
900496805
900496825
900498335
900498585
900498695
900498715
900498745
900498765
900498795
900498855
900498985
900498995
900500685
900500705
900500905
900500945
900500995
900501105
900501115
900501165
900501285
900501485
900501605
900501625
900501825
900501935
900501975
900502095
900502235
900502285
900502375
900502455
900502515
900502585
900502765
900502795
900502865
900502985
900503075
900503085
900503125
900503165
900503195
900503205
900503225
900503255
900503455
900503525
900503685
900503795
900503825
900503835
900503915
900504065
900504075
900504085
900504215
900504265
900504295
900504405
900504475
900504685
900504705
900504755
900504855
900504865
900504885
900504965
900504995
900505025
900505055
900505235
900505345
900505395
900505735
900505835
900505885
900505955
900505965
900506025
900506095
900506185
900506205
900506425
900506445
900506515
900506545
900506625
900506665
900506735
900506775
900506925
900507045
900507095
900507115
900507225
900507255
900507285
900507365
900507395
900507525
900507565
900507745
900507765
900507875
900507945
900507985
900508005
900508035
900508145
900508175
900508205
900508275
900508435
900508495
900508625
900508645
900508745
900508785
900508795
900508975
900509065
900509095
900509145
900509155
900509925
900510085
900510365
900510395
900510495
900510575
900510585
900510645
900510665
900510765
900510865
900510875
900510915
900510985
900510995
900511265
900511305
900511375
900511515
900511565
900511625
900511695
900511755
900512415
900512435
900512475
900512495
900512525
900512545
900512615
900512665
900512675
900512865
900512895
900513025
900513125
900513235
900513395
900513415
900513505
900513515
900513905
900513965
900513995
900514305
900514315
900514395
900514425
900514535
900514615
900514725
900515065
900515105
900515335
900515525
900515565
900515595
900515675
900515705
900515755
900515855
900516185
900516345
900516355
900516375
900516705
900516975
900517065
900517275
900517285
900517335
900517415
900517585
900517615
900517685
900607875
900608015
900622605
900636455
900774115
900774145
900774295
900774305
900774385
900774425
900774435
900774445
900774465
900774485
900774495
900774545
900774615
900774625
900774645
900774655
900774685
900774695
900774775
900774785
900774805
900774845
900774935
900775015
900775045
900775105
900775135
900775285
900775355
900775395
900775425
900775435
900775505
900775555
900775625
900775675
900775785
900775865
900775875
900776035
900776165
900776205
900776325
900776365
900776415
900776465
900776515
900776525
900978345
901212625
901420465
901420605
901420925
901421925
901422025
902159575
902159635
902161415
902161435
902161495
902161835
902162435
902162455
902162515
902163195
902163495
902164545
902165015
902165045
902166195
902499505
902506795
902506885
902506995
902507135
902507145
902507315
902507365
902507515
902507745
902507885
902507935
902507975
902507985
902508155
902508285
902508355
902508525
902508615
902508645
902508655
902508695
902508735
902508805
902508835
902508855
902508905
902508975
902509015
902509035
902509075
902509115
902509125
902509145
902509165
902509185
902509255
902509275
902509445
902509455
902703005
902703045
902703605
902703635
902703755
902703855
902704835
902704995
902705025
902705195
902705215
902705585
902705635
903110935
903112175
903171875
903935665
903936165
903936515
903993065
903993185
904863075
904863195
904863205
904863245
904863335
904863365
904863425
904863435
904864535
904865695
904865715
904865745
904865755
904865765
904866235
904866255
904866335
905128535
905128565
910574035
911728565
916172185
916172195
916172205
916172295
916172375
916173025
922823425
922827295
922829465
928375135
929617065
947044295
947163785
947390135
947390215
947390655
949554155
956459485
956465415
956465665
963854765
963900255
963900335
964198725
964198965
965178925
965180725
965181005
965181355
