000566745
001663295
001695775
001701725
001704235
001902755
001903035
001903045
001903615
001903775
002056385
002087715
002153155
002174005
002184395
002185965
002237985
002787755
002851015
002851395
002851455
002851555
002854055
002854135
002854285
002854415
002854515
002855015
002855395
002855985
002856025
002856415
002856945
002857035
002866585
003037245
003073315
003203435
003326435
003363665
003401015
003401275
003401345
003401365
003403255
003408615
003432145
003432625
003437295
003469885
003471715
003571525
003576025
003583095
003664715
003664765
003664955
003711965
003830495
003936515
003937145
003963495
003966115
003967435
004005105
004005185
004005335
004011615
004014965
004120155
004127375
004146105
004310905
004310925
004311185
004311885
004311925
004312045
004312165
004312245
004312785
004313165
004313545
004323165
004790705
004795625
004830385
004831815
004833595
004923005
004923175
005405565
006130345
006131035
006131045
006151695
006152045
006304565
006351115
006540715
006540985
006542025
006542225
006546555
006937775
006937835
007115275
007197815
007655035
007954055
007955175
007955185
007993495
008082105
008107405
008107535
008119815
008120605
008120705
008180605
008245285
008374195
008374345
008374405
008374905
008374995
008375195
008630225
008693405
008756865
008867705
008867885
008868065
009184435
009207815
009207935
009207975
009207995
009208715
009497735
009646205
009661035
009661255
009661585
009661615
009695525
009710355
009710415
009746145
009746155
009746325
009795695
009821435
009821765
009825615
009826225
009826275
009826655
009826755
009856955
009887825
009902165
009907125
009907185
009907325
009925405
009930995
010179795
010183625
010588175
010590265
010590985
010591045
010598405
011008795
011008835
011028185
011029425
011037275
011037395
011037865
011038235
011044735
011044795
011044805
011066505
011077815
011603155
011682735
011682815
011684095
011742595
011759445
011784905
012029895
012029935
012056085
012113615
012169405
012956605
013133955
013134855
013170425
013180385
013187625
013305325
013376555
013389225
013392195
013416055
013450355
013450455
013450475
013602615
013602715
013604045
013604195
013604425
013694425
013706045
013734035
013745295
013792545
013813035
013867375
014103065
014212295
014212325
014235445
014284075
014526175
014526235
014530455
014673415
014840315
014840325
014840395
014840645
014840695
014840795
014840955
014856205
014877935
014947005
015159775
015209405
015228705
015264275
015265845
015277935
015278375
015283665
015290985
015321405
015626795
015645745
015645935
015774895
015831445
015910145
015992285
015992305
015992345
016054825
016054895
016055655
016481465
016481505
016529515
016587075
016634525
016634675
016634915
016634965
016635355
016635495
016635525
016635805
016635825
016635925
016643175
016643595
016643975
016651675
016651765
016652125
016694775
016761835
016762255
016762315
016762335
016762495
016762655
016762665
016805585
016810935
016811015
016836925
016836965
016860165
016881495
016903255
016903475
016905555
016924055
016925315
016939815
017291375
017291585
017311845
017311955
017357925
017377815
017639065
017846785
017894285
017922235
018068665
018108125
018108165
018108545
018108825
018108945
018128465
018137205
018137355
018137715
018138305
018275005
018275185
018275225
018279185
018283475
018359295
018409235
018682475
018790065
019038575
019107685
019149345
019218465
019285215
019285335
019285355
019285455
019336255
019391995
019392115
019401005
019401945
019402005
019428305
019428315
019428365
019433835
019443545
019445235
019678005
019678475
019678575
019679005
019679075
019679115
019679205
019679235
019702985
019731565
019731895
019732555
019732565
019775735
019794255
019794915
019794995
019823915
019836285
019877505
019877535
019877565
019877595
019877635
019877805
019927425
019927505
019927525
019927625
019927655
019927725
019927785
019927845
019927985
019928025
019928115
019928145
019928185
019928205
019928285
019928385
019928395
019928485
019928525
019928545
019928625
019928685
019930085
019930305
019930355
019930485
019930505
020027005
020165895
020169115
020169215
020172745
020177615
020177815
020178105
020178245
020405125
020410725
020496635
020515095
020526065
020552755
020576715
020576755
020576775
020577315
020578985
020579035
020579335
020589755
020591975
020591985
020592215
020592335
020615495
020615575
020805605
020830205
020858915
020859135
020859295
020889145
020990405
021020715
021020745
021020755
021020875
021020915
021136045
021136695
021137105
021137335
021166055
021206715
021213755
021213955
021229775
021229855
021311215
021395615
021395695
021395915
021414385
021414475
021414925
021415225
021415565
021440485
021460155
021494045
021494065
021494245
021503795
021535105
021727735
021950755
022029115
022227405
022227455
022227485
022228965
022229155
022320775
022341245
022341495
022353585
022354285
022354625
022392655
022408885
022421985
022422075
022422145
022426945
022494195
022501305
022539785
022550105
022553815
022554055
022554575
022555535
022559765
022585705
022585805
022748795
022749475
022760655
022760705
022789005
022789145
022789215
022789265
022789305
022789365
022789485
022789505
022789565
022789595
022789645
022789785
022789805
022789865
022790205
022790305
022790505
022790525
022818925
023059275
023062675
023062725
023093995
023221855
023241775
023273085
023273325
023274735
023275255
023275695
023572325
023573705
023573745
023612395
023612435
023647325
023657695
023658145
023660345
023700025
023700705
023757265
023757375
023893975
024007175
024081805
024136695
024136725
024159445
024159485
024159955
024178635
024199025
024238955
024296595
024349425
024355435
024356025
024356295
024356345
024356385
024356765
024356845
024357115
024357275
024359365
024359625
024435115
024436605
024516375
024516445
024516645
024516705
024516765
024516845
024517065
024517085
024517225
024517245
024517285
024517325
024517445
024517685
024517845
024520815
024534275
024542895
024580195
024580215
024580225
024582165
024582395
024582535
024583745
024586685
024606395
024665705
024665735
024666505
024700185
024703375
024703455
024730825
024734055
024750575
024752115
024917025
024917415
024917835
024918075
024918435
024998165
024998275
024998425
025062435
025156555
025156655
025183705
025195065
025259665
025395495
025397975
025398355
025515315
025548435
025548455
025630675
025657275
025657385
025699375
025754435
025754555
025770285
025819065
025881805
025908435
025920785
026005295
026128375
026133885
026153555
026161625
026163275
026163625
026163745
026163855
026164105
026164115
026164265
026192125
026192315
026198155
026198635
026222735
026222945
026222955
026223095
026223175
026229755
026274795
026615355
026615595
026615625
026623615
026623725
026623825
026624045
026624065
026624225
026624265
026624305
026625005
026626105
026626285
026703125
027087905
027360235
027460645
027584385
027584735
027585055
027585165
027658605
027658665
027678925
027687685
027853505
028067495
028220555
028222535
028581085
028581095
028626845
028655455
028656535
028681815
028681955
028825925
028863835
028872175
028883335
028883395
028883465
028891065
028894075
028894155
028894445
028894565
029076225
029076285
029077845
029077865
029078145
029078755
029079105
029079365
029079475
029079625
029080005
029080045
029082105
029082185
029119925
029194045
029201465
029222185
029222315
029370025
029433685
029478475
029521585
029522015
029522135
029523255
029523495
029524045
029526065
029526345
029526625
029526705
029541705
029541865
029542165
029601675
029624895
029677305
029837335
029889725
029904445
029914695
029915165
029915395
029915495
029915715
029916485
029916665
029955665
029956145
030020895
030024555
030034515
030052915
030052935
030067195
030067495
030067515
030075845
030128905
030128965
030162715
030168225
030184435
030190475
030195835
030196085
030211845
030215045
030224415
030234445
030234655
030235745
030250565
030271995
030283125
030283565
030292245
030295665
030359325
030360365
030360505
030363095
030370775
030372445
030372685
030379605
030380545
030381425
030382255
030382755
030382805
030382925
030383205
030385335
030406285
030435465
030480605
030489885
030490165
030490205
030490505
030499805
030517965
030519715
030544725
030551615
030551625
030551855
030587745
030644565
030651665
030674955
030675275
030675285
030675425
030675665
030675775
030675885
030675895
030677075
030677115
030677135
030677275
030677475
030677615
030677635
030715255
030715455
030715765
030716605
030845475
030845555
030845755
030863985
030971995
030972185
030972625
030972705
030972985
030973245
030973345
030973405
031312745
031317725
031318415
031318755
031570955
031571275
031571355
031626635
031628955
031632255
031632315
031775615
032144215
032460665
032461225
032462245
032462325
032469935
032469985
032583995
032671605
032671645
032742535
032744795
032746875
032816155
032841615
032873635
033031295
033031535
033031895
033032975
033193355
033193975
033238325
033245165
033336155
033336255
033336295
033336415
033336475
033336895
033336955
033337015
033337135
033337195
033342085
033434075
033434135
033486815
033540935
033541255
033541315
033541555
033541815
033541895
033542315
033547175
033547305
033547395
033547555
033798725
033875235
033898625
033898765
035779655
035786975
036348915
036688355
036908495
036908885
036908935
036912315
036912435
036913895
037031245
037075745
037076045
037095535
037172485
037627965
039649875
039650195
039674865
039681515
039681695
039748175
040011635
040015435
040118205
040138345
040270625
040271265
040271415
040280365
040369825
040407925
040422825
040422935
040422975
040704825
040715535
040716055
040721815
040757845
040757875
040796965
040981725
040982065
040982275
040983015
040984345
041020085
041043565
041061545
041076955
041077195
041077675
041090495
041106255
041200725
041201185
041202175
041202575
041204085
041204325
041204365
041206025
041345785
041346265
041346695
041353095
041354155
041361325
041385665
041386045
041386305
041388495
041448175
041448575
041679045
041679725
041806695
041806955
041807155
041807665
041861035
041861145
041861185
041861205
041861235
041861285
041877395
041902065
041929215
041947325
041947345
042465895
042686545
043084325
043203125
043360355
043497995
043677135
043828955
043832405
043832635
043853025
043857985
043861975
043862205
043862445
044070115
044128675
044142345
044142485
044142625
044142705
049381505
049538195
051414825
051549695
051549765
900007005
900084625
900085365
900085465
900085525
900085715
900086285
900086425
900092685
900093165
900093185
900093235
900093245
900093345
900171835
900172605
900173195
900173315
900173365
900451185
900451875
900452095
900465375
900474425
900492945
900492985
900493005
900493235
900493645
900493935
900493945
900494365
900494525
900494535
900494615
900494675
900494715
900496825
900498585
900498765
900498795
900498855
900500685
900500705
900500995
900501115
900501285
900501485
900501825
900502095
900502285
900502585
900502865
900502985
900503075
900503085
900503125
900503165
900503205
900503225
900503255
900503455
900503525
900503685
900503795
900503825
900503835
900503915
900504065
900504295
900504405
900504685
900504705
900504755
900504855
900504865
900504885
900504965
900504995
900505025
900505055
900505235
900505395
900505735
900505835
900505885
900505955
900505965
900506025
900506185
900506205
900506425
900506515
900506625
900506665
900506775
900507095
900507115
900507225
900507255
900507285
900507365
900507395
900507525
900507745
900507765
900507875
900507945
900507985
900508005
900508035
900508145
900508175
900508205
900508275
900508435
900508495
900508625
900508645
900508745
900508785
900508795
900509065
900509095
900510395
900510495
900510575
900510585
900510645
900510665
900510765
900510865
900510875
900510915
900510995
900511265
900511375
900511565
900511625
900511695
900512415
900512615
900512665
900512675
900512865
900513025
900513395
900513505
900513515
900513965
900514305
900514395
900515065
900515105
900515525
900515565
900515705
900516345
900516375
900516975
900517065
900517335
900517415
900517585
900517615
900608015
900774115
900774145
900774295
900774305
900774385
900774435
900774445
900774465
900774485
900774495
900774545
900774615
900774625
900774645
900774655
900774685
900774695
900774775
900774785
900774805
900774845
900774935
900775015
900775045
900775105
900775135
900775285
900775395
900775425
900775435
900775625
900775675
900775785
900775865
900776035
900776165
900776205
900776365
900776415
900776515
900776525
901212625
901420605
901420925
901422025
902159575
902161495
902162435
902162515
902166195
902506795
902507135
902507145
902507315
902507745
902507885
902507975
902507985
902508155
902508525
902508645
902508655
902508695
902508735
902508805
902508835
902508855
902509115
902509125
902509145
902509165
902509275
902509445
902703005
902703045
902703635
902703755
902704835
902704995
902705025
902705195
902705585
903110935
903112175
903936165
904863075
904863195
904863365
904863425
904863435
904864535
904865765
904866335
905128535
905128565
911728565
916172185
916172195
916172205
916172295
916172375
916173025
922823425
922827295
922829465
928375135
947044295
947163785
947390135
947390655
949554155
956459485
956465415
956465665
